915
917
947
971
981
964
977
980
965
969
965
975
961
967
979
959
978
978
982
976
964
962
971
976
948
957
977
970
950
981
978
962
983
960
980
958
980
978
973
949
963
969
970
982
982
978
971
974
979
976
976
980
982
968
972
961
973
976
982
983
948
981
952
969
992
990
1028
1032
1030
1033
1034
1023
1036
1024
1032
1030
1032
1026
1026
1026
1033
1033
1025
1039
1035
1041
1034
1055
1027
1036
1024
1021
1037
1028
1021
1033
1030
1047
1035
1037
1011
1049
1044
1028
1042
1032
1065
1035
1033
1033
1026
1037
1046
1039
1047
1035
1037
1023
1019
1046
1030
1031
1017
1038
1035
1036
1039
1008
990
992
1011
1050
1048
1043
1033
1051
1024
1040
1013
1015
1024
1054
1034
1046
1029
1041
1057
1053
1035
1045
1046
1047
1051
1064
1024
1037
1030
1040
1049
1049
1050
1023
1043
1053
1051
1045
1048
1056
1038
1020
1057
1033
1041
1029
1015
1043
1030
1033
1039
1047
1049
1075
1051
1040
1046
1051
1049
1038
1019
1044
1016
1040
947
960
958
1018
981
1005
984
982
998
983
993
981
981
985
986
1011
1002
982
986
988
992
988
1001
1002
998
996
993
1002
996
1001
992
996
993
979
978
974
1004
1013
1013
1005
988
982
1002
1010
988
1008
1011
1015
997
989
984
985
1020
1008
980
993
993
1012
1002
1001
1021
1001
1002
977
957
936
994
988
996
984
976
1005
1003
999
988
991
979
988
998
1002
1003
1001
1011
1011
989
998
1017
989
999
985
996
1013
996
999
993
991
1005
1004
1007
1001
1002
1013
987
983
997
1008
1011
1005
1011
983
978
999
1011
1013
999
1021
993
1007
1035
980
1012
1014
999
1007
1014
983
1014
972
