889
855
854
864
880
904
876
867
877
888
885
903
873
899
905
889
864
905
886
867
889
903
888
867
892
902
889
886
891
906
917
874
902
914
915
923
887
888
879
902
906
901
876
881
886
899
888
926
904
901
894
897
898
900
892
882
888
895
893
886
864
887
897
868
863
880
883
898
867
878
888
879
882
903
899
893
886
879
873
889
900
891
877
883
895
892
897
889
885
887
880
881
898
884
901
881
914
900
900
886
894
902
891
889
883
884
899
902
873
885
878
886
882
898
895
900
897
898
902
898
895
901
881
891
889
887
903
890
836
827
847
854
865
853
866
860
870
874
860
876
845
856
853
847
846
858
852
855
853
858
867
869
855
848
850
862
867
873
864
862
865
844
851
867
841
874
890
868
867
855
895
888
868
870
871
867
885
862
881
882
860
869
865
863
889
870
854
863
883
892
868
837
922
931
949
950
957
957
953
935
942
950
950
961
962
956
956
954
951
982
955
974
962
962
957
954
963
964
973
962
963
969
950
955
958
957
947
964
968
953
948
959
958
963
969
969
966
971
961
972
970
972
966
968
971
956
957
949
944
929
935
973
964
942
959
947
929
921
922
953
921
948
943
947
968
957
950
941
929
937
940
936
941
960
956
952
932
928
921
944
951
946
935
941
943
962
952
946
940
931
935
952
942
931
946
928
943
944
949
958
941
956
925
937
942
957
950
946
944
964
939
933
969
945
953
951
956
942
948
948
