292
2236
3354
3105
7221
9400
12401
13631
13691
13931
13820
14226
14262
14193
13841
12164
13073
14288
14708
14846
14607
14566
16327
16197
14976
13606
15111
15600
15104
15385
15585
15691
14442
15071
15404
14670
15226
15735
15885
15240
15421
15632
16418
16190
16396
16544
15611
16341
16292
15607
16837
16770
17584
17644
17259
16397
16245
16194
15645
15465
15829
16301
16352
15458
15709
16213
16426
14934
15597
15333
16580
15002
14353
13799
13907
14830
14998
14885
14920
14767
14467
13557
14248
14618
14087
14110
15946
16737
16667
16772
16794
16640
16436
16972
17241
16229
15695
14983
15890
16107
16291
16408
16613
14740
15041
17430
16539
15153
15607
15691
15877
16761
16481
15689
14962
15481
16829
17368
16976
16109
16325
17517
17986
17005
17225
17085
17721
17587
17660
17752
17974
18675
18316
17720
17612
17516
17415
17155
16846
14949
15134
16036
15515
14420
15595
15455
15903
15503
15831
15713
16079
15529
14932
15400
14932
14402
14036
13638
13295
11983
10865
12046
11275
10381
9449
8657
7414
8355
9042
7945
7151
7311
7157
7315
7118
7585
8448
10341
11301
10958
11201
10929
9803
8871
8421
8223
8315
7874
8251
7806
6670
6201
7470
7852
8363
8779
9532
11717
13115
11629
11103
10523
10391
10007
9355
7557
8805
8827
8506
8555
9192
9727
9243
8690
8686
8946
12062
15079
15874
15861
15842
16140
16235
16183
15863
16392
16435
15995
15766
16034
15759
15705
15344
15735
15857
15828
15255
14959
15338
15305
15537
15569
15663
15587
15485
14371
13474
13601
14865
15566
15473
14871
14575
14644
14473
14564
13554
13925
14119
13024
13263
13568
14021
13893
13724
13961
14120
14174
14798
14344
13661
13864
13873
13606
13835
13521
13510
13778
13621
13414
13537
13965
13682
13210
13867
14077
13843
13429
13986
13597
13745
14710
14062
13379
14384
13555
12435
12032
11849
12379
12928
13152
13373
13553
13792
13937
13379
13194
13383
13745
14034
14075
13900
13894
13561
13498
13373
12896
12759
13234
