59
55
47
143
1221
4897
7637
11168
11616
11369
12995
14242
14300
15020
15670
15970
14825
15092
14423
14866
14131
14001
14161
14692
14121
14361
14495
14560
14560
14874
15295
15315
15335
15286
15077
13436
14987
14864
15092
15088
15300
15640
14271
15287
14538
14542
14180
14552
14665
13472
14836
14487
14001
14458
14442
14343
14528
14850
14372
15499
15323
15927
15899
16312
13760
13304
14078
13889
13917
13645
13786
14058
14011
13613
13661
13601
13703
13696
13843
13412
13311
13138
13396
13666
13831
13608
13748
13496
13764
13425
13614
13681
13285
13598
12987
13401
13088
12708
12927
13305
13256
13804
13891
13589
13084
12591
12189
12709
12716
12901
12823
13200
12987
13111
12949
12452
12073
12455
12980
13014
12724
12018
12189
12898
12054
12934
12521
12539
11278
11403
11340
11581
12107
11512
10728
11544
11225
11326
11323
11108
10458
10325
9554
10385
9803
7493
7532
10147
10140
10072
8807
8059
10109
10568
10439
11157
11312
11461
11417
11340
11348
11533
11505
11331
11152
11347
11915
11433
9679
10555
10725
11267
11366
11493
11161
11189
10803
10730
10840
10392
10619
10472
10304
10912
10703
10166
9948
8960
10034
9990
10197
10416
8959
8766
9190
9298
9236
8596
9092
9482
9790
9835
10088
9971
10062
10324
10341
9748
10072
10245
9441
9085
9683
9372
9169
9679
9806
8914
9044
8748
8290
8307
7325
7790
8837
9100
8261
8705
9385
9137
9316
9145
8356
8819
8496
8663
8133
7898
8784
9043
8561
8698
7944
7502
6689
7456
8129
8513
7800
8585
8504
8531
8308
8743
9198
9331
9113
8516
8569
8816
8617
9481
8963
8757
9096
9167
8956
8145
8567
8684
8800
9469
9210
9628
9948
9339
9643
9619
9925
9934
10249
10236
10815
10931
11116
10594
10234
10688
10141
10435
10545
10446
10467
10294
10355
10757
10567
10697
10606
10658
10497
10770
10869
11193
11234
11400
11468
11357
10930
10093
10511
10475
11062
10557
10463
10689
10545
10386
10344
10567
